100000 860 0.15 400000 [0.25 0.25 0.25 0.25] [0.25 0.25 0.25 0.25]
200000 1598 0.15 800000 [0.25 0.25 0.25 0.25] [0.25 0.25 0.25 0.25]
300000 2211 0.15 1000000 [0.25 0.25 0.25 0.25] [0.25 0.25 0.25 0.25]
400000 2777 0.15 1000000 [0.25 0.25 0.25 0.25] [0.25 0.25 0.25 0.25]
500000 3297 0.15 1000000 [0.25 0.25 0.25 0.25] [0.25 0.25 0.25 0.25]
600000 3786 0.15 1000000 [0.25 0.25 0.25 0.25] [0.25 0.25 0.25 0.25]
700000 4248 0.15 1000000 [0.25 0.25 0.25 0.25] [0.25 0.25 0.25 0.25]
800000 4682 0.15 1000000 [0.25 0.25 0.25 0.25] [0.25 0.25 0.25 0.25]
900000 5100 0.15 1000000 [0.25 0.25 0.25 0.25] [0.25 0.25 0.25 0.25]
1000000 5520 0.15 1000000 [0.25 0.25 0.25 0.25] [0.25 0.25 0.25 0.25]
1100000 5928 0.15 1000000 [0.25 0.25 0.25 0.25] [0.25 0.25 0.25 0.25]
1200000 6325 0.15 1000000 [0.25 0.25 0.25 0.25] [0.25 0.25 0.25 0.25]
1300000 6720 0.15 1000000 [0.25 0.25 0.25 0.25] [0.25 0.25 0.25 0.25]
1400000 7096 0.15 1000000 [0.25 0.25 0.25 0.25] [0.25 0.25 0.25 0.25]
1500000 7473 0.15 1000000 [0.25 0.25 0.25 0.25] [0.25 0.25 0.25 0.25]
1600000 7840 0.15 1000000 [0.25 0.25 0.25 0.25] [0.25 0.25 0.25 0.25]
1700000 8206 0.15 1000000 [0.25 0.25 0.25 0.25] [0.25 0.25 0.25 0.25]
1800000 8576 0.15 1000000 [0.25 0.25 0.25 0.25] [0.25 0.25 0.25 0.25]
1900000 8952 0.15 1000000 [0.25 0.25 0.25 0.25] [0.25 0.25 0.25 0.25]
2000000 9322 0.15 1000000 [0.25 0.25 0.25 0.25] [0.25 0.25 0.25 0.25]
2100000 9687 0.15 1000000 [0.25 0.25 0.25 0.25] [0.25 0.25 0.25 0.25]
2200000 10054 0.15 1000000 [0.25 0.25 0.25 0.25] [0.25 0.25 0.25 0.25]
2300000 10405 0.15 1000000 [0.25 0.25 0.25 0.25] [0.25 0.25 0.25 0.25]
2400000 10769 0.15 1000000 [0.25 0.25 0.25 0.25] [0.25 0.25 0.25 0.25]
2500000 11131 0.15 1000000 [0.25 0.25 0.25 0.25] [0.25 0.25 0.25 0.25]
2600000 11490 0.15 1000000 [0.25 0.25 0.25 0.25] [0.25 0.25 0.25 0.25]
2700000 11856 0.15 1000000 [0.25 0.25 0.25 0.25] [0.25 0.25 0.25 0.25]
2800000 12213 0.15 1000000 [0.25 0.25 0.25 0.25] [0.25 0.25 0.25 0.25]
2900000 12562 0.15 1000000 [0.25 0.25 0.25 0.25] [0.25 0.25 0.25 0.25]
3000000 12933 0.15 1000000 [0.25 0.25 0.25 0.25] [0.25 0.25 0.25 0.25]
3100000 13203 0 1000000 [0.25 0.25 0.25 0.25] [0.25 0.25 0.25 0.25]
3200000 13475 0 1000000 [0.25 0.25 0.25 0.25] [0.25 0.25 0.25 0.25]
3300000 13718 0 1000000 [0.25 0.25 0.25 0.25] [0.25 0.25 0.25 0.25]
3400000 13969 0 1000000 [0.25 0.25 0.25 0.25] [0.25 0.25 0.25 0.25]
3500000 14208 0 1000000 [0.25 0.25 0.25 0.25] [0.25 0.25 0.25 0.25]
3600000 14444 0 1000000 [0.25 0.25 0.25 0.25] [0.25 0.25 0.25 0.25]
3700000 14674 0 1000000 [0.25 0.25 0.25 0.25] [0.25 0.25 0.25 0.25]
3800000 14909 0 1000000 [0.25 0.25 0.25 0.25] [0.25 0.25 0.25 0.25]
3900000 15149 0 1000000 [0.25 0.25 0.25 0.25] [0.25 0.25 0.25 0.25]
4000000 15381 0 1000000 [0.25 0.25 0.25 0.25] [0.25 0.25 0.25 0.25]
4100000 15607 0 1000000 [0.25 0.25 0.25 0.25] [0.25 0.25 0.25 0.25]
4200000 15820 0 1000000 [0.25 0.25 0.25 0.25] [0.25 0.25 0.25 0.25]
4300000 16036 0 1000000 [0.25 0.25 0.25 0.25] [0.25 0.25 0.25 0.25]
4400000 16250 0 1000000 [0.25 0.25 0.25 0.25] [0.25 0.25 0.25 0.25]
4500000 16476 0 1000000 [0.25 0.25 0.25 0.25] [0.25 0.25 0.25 0.25]
4600000 16696 0 1000000 [0.25 0.25 0.25 0.25] [0.25 0.25 0.25 0.25]
4700000 16922 0 1000000 [0.25 0.25 0.25 0.25] [0.25 0.25 0.25 0.25]
4800000 17135 0 1000000 [0.25 0.25 0.25 0.25] [0.25 0.25 0.25 0.25]
4900000 17358 0 1000000 [0.25 0.25 0.25 0.25] [0.25 0.25 0.25 0.25]
5000000 17575 0 1000000 [0.25 0.25 0.25 0.25] [0.25 0.25 0.25 0.25]
