50000 404 0.1 62063 [0.38802507 0.17504794 0.12604934 0.31087766] [0.38802507 0.17504794 0.12604934 0.31087766]
100000 759 0.1 100000 [0.42402 0.11346 0.08703 0.37549] [0.42402 0.11346 0.08703 0.37549]
150000 1086 0.1 100000 [0.45548 0.05295 0.04999 0.44158] [0.45548 0.05295 0.04999 0.44158]
200000 1414 0.1 100000 [0.4778  0.0452  0.03904 0.43796] [0.4778  0.0452  0.03904 0.43796]
250000 1734 0.1 100000 [0.47512 0.04987 0.03284 0.44217] [0.47512 0.04987 0.03284 0.44217]
300000 2053 0.1 100000 [0.46277 0.05161 0.03509 0.45053] [0.46277 0.05161 0.03509 0.45053]
350000 2394 0.1 100000 [0.46006 0.05116 0.04466 0.44412] [0.46006 0.05116 0.04466 0.44412]
400000 2745 0.1 100000 [0.4368  0.06309 0.05445 0.44566] [0.4368  0.06309 0.05445 0.44566]
450000 3087 0.1 100000 [0.46834 0.08447 0.04972 0.39747] [0.46834 0.08447 0.04972 0.39747]
500000 3428 0.1 100000 [0.48849 0.11095 0.04162 0.35894] [0.48849 0.11095 0.04162 0.35894]
550000 3781 0.1 100000 [0.47538 0.13681 0.05309 0.33472] [0.47538 0.13681 0.05309 0.33472]
600000 4115 0.1 100000 [0.47196 0.13626 0.05738 0.3344 ] [0.47196 0.13626 0.05738 0.3344 ]
650000 4479 0.1 100000 [0.48051 0.15218 0.0541  0.31321] [0.48051 0.15218 0.0541  0.31321]
700000 4741 0 100000 [0.51457 0.23467 0.02583 0.22493] [0.51457 0.23467 0.02583 0.22493]
750000 5002 0 100000 [0.53068 0.29671 0.0123  0.16031] [0.53068 0.29671 0.0123  0.16031]
800000 5254 0 100000 [0.5294  0.30863 0.00547 0.1565 ] [0.5294  0.30863 0.00547 0.1565 ]
850000 5509 0 100000 [0.54177 0.26493 0.00534 0.18796] [0.54177 0.26493 0.00534 0.18796]
900000 5767 0 100000 [0.52884 0.24376 0.00878 0.21862] [0.52884 0.24376 0.00878 0.21862]
950000 6020 0 100000 [0.52976 0.24085 0.0059  0.22349] [0.52976 0.24085 0.0059  0.22349]
1000000 6284 0 100000 [0.5373  0.22857 0.00787 0.22626] [0.5373  0.22857 0.00787 0.22626]
