100000 865 0.07951780403632373 115758 [0.99252751 0.00747249] [0.26864666 0.28283142 0.21284058 0.23568134] None
200000 1701 0.0422225975342003 226840 [0.99250132 0.00749868] [0.27291042 0.28349497 0.22305149 0.22054311] None
300000 2450 0.028825255535890326 336918 [0.9927282 0.0072718] [0.27188218 0.29029319 0.2253397  0.21248494] None
400000 3137 0.02192415120648604 446118 [0.99296823 0.00703177] [0.27145733 0.29728457 0.227525   0.20373309] None
500000 3791 0.017703188344220796 554870 [0.99316777 0.00683223] [0.27261701 0.30157154 0.23015121 0.19566024] None
600000 4389 0.014859724203518783 662960 [0.99337969 0.00662031] [0.27330307 0.30558556 0.23353747 0.18757391] None
700000 4928 0.012802277781262842 771111 [0.99360922 0.00639078] [0.27306834 0.31111474 0.23666113 0.17915579] None
800000 5420 0.01124859392575928 879000 [0.9938339 0.0061661] [0.2739818  0.31648237 0.2398248  0.16971104] None
900000 5874 0.01003678481635193 986335 [0.99404462 0.00595538] [0.27515702 0.32213092 0.24211449 0.16059757] None
1000000 6304 0.009062970424808612 1000000 [0.994392 0.005608] [0.276851 0.332176 0.246795 0.144178] None
1100000 6702 0.008264667719034356 1000000 [0.994808 0.005192] [0.277478 0.342292 0.251071 0.129159] None
1200000 7091 0.007596636816948401 1000000 [0.995149 0.004851] [0.278184 0.351558 0.255311 0.114947] None
1300000 7456 0.007030069717201386 1000000 [0.995476 0.004524] [0.279141 0.359855 0.259151 0.101853] None
1400000 7811 0.006545123719201102 1000000 [0.995763 0.004237] [0.27983  0.366803 0.263309 0.090058] None
1500000 8155 0.006123372484135873 1000000 [0.996021 0.003979] [0.280455 0.374736 0.264864 0.079945] None
1600000 8489 0.0057526675119252794 1000000 [0.996234 0.003766] [0.28119  0.381329 0.266111 0.07137 ] None
1700000 8807 0.0054247850835769515 1000000 [0.996412 0.003588] [0.281459 0.387102 0.266504 0.064935] None
1800000 9121 0.005133936707801479 1000000 [0.996553 0.003447] [0.28086  0.391748 0.266672 0.06072 ] None
1900000 9426 0.0048728858984529565 1000000 [0.996673 0.003327] [0.28041  0.395    0.266808 0.057782] None
2000000 9735 0.00463733705556921 1000000 [0.996776 0.003224] [0.280043 0.397318 0.266896 0.055743] None
2100000 10035 0.004423606309655096 1000000 [0.996856 0.003144] [0.27984  0.400323 0.266095 0.053742] None
2200000 10333 0.004228991427834376 1000000 [0.996922 0.003078] [0.279866 0.403812 0.265181 0.051141] None
2300000 10625 0.004050980782957362 1000000 [0.996985 0.003015] [0.278962 0.406889 0.264462 0.049687] None
2400000 10906 0.00388750493713127 1000000 [0.997056 0.002944] [0.278346 0.40965  0.263972 0.048032] None
2500000 11184 0.003737057635145084 1000000 [0.997101 0.002899] [0.277309 0.412465 0.263556 0.04667 ] None
2600000 11463 0.0035979402511650133 1000000 [0.997147 0.002853] [0.276855 0.414587 0.263621 0.044937] None
2700000 11730 0.003468429831410031 1000000 [0.9972 0.0028] [0.275846 0.416422 0.263982 0.04375 ] None
2800000 11986 0.003348265481291399 1000000 [0.997246 0.002754] [0.275567 0.418226 0.264007 0.0422  ] None
2900000 12245 0.0032359621534810376 1000000 [0.997293 0.002707] [0.274225 0.42019  0.26456  0.041025] None
3000000 12496 0.0031313086083118082 1000000 [0.997348 0.002652] [0.273472 0.422724 0.265188 0.038616] None
3100000 12736 0 1000000 [0.997401 0.002599] [0.27325  0.42414  0.265245 0.037365] None
3200000 12971 0 1000000 [0.99746 0.00254] [0.273011 0.42498  0.265853 0.036156] None
3300000 13205 0 1000000 [0.997523 0.002477] [0.27295  0.426353 0.266103 0.034594] None
3400000 13434 0 1000000 [0.997561 0.002439] [0.272975 0.427005 0.266005 0.034015] None
3500000 13664 0 1000000 [0.997612 0.002388] [0.272996 0.427851 0.266207 0.032946] None
3600000 13894 0 1000000 [0.997654 0.002346] [0.273152 0.429152 0.266093 0.031603] None
3700000 14129 0 1000000 [0.997687 0.002313] [0.273477 0.42955  0.265808 0.031165] None
3800000 14343 0 1000000 [0.997715 0.002285] [0.273618 0.430431 0.266067 0.029884] None
3900000 14559 0 1000000 [0.997756 0.002244] [0.274086 0.431479 0.266076 0.028359] None
4000000 14780 0 1000000 [0.997781 0.002219] [0.274366 0.432164 0.265858 0.027612] None
4100000 15006 0 1000000 [0.997799 0.002201] [0.27448  0.431966 0.266009 0.027545] None
4200000 15226 0 1000000 [0.997809 0.002191] [0.274525 0.432964 0.266052 0.026459] None
4300000 15451 0 1000000 [0.997817 0.002183] [0.274346 0.433524 0.266036 0.026094] None
4400000 15665 0 1000000 [0.997831 0.002169] [0.273671 0.434343 0.266639 0.025347] None
4500000 15876 0 1000000 [0.997845 0.002155] [0.273388 0.43425  0.267601 0.024761] None
4600000 16089 0 1000000 [0.99787 0.00213] [0.273421 0.434313 0.267844 0.024422] None
4700000 16308 0 1000000 [0.997874 0.002126] [0.273209 0.434629 0.268304 0.023858] None
4800000 16524 0 1000000 [0.997878 0.002122] [0.273527 0.434737 0.267821 0.023915] None
4900000 16727 0 1000000 [0.997885 0.002115] [0.273063 0.434894 0.268072 0.023971] None
5000000 16937 0 1000000 [0.997901 0.002099] [0.272849 0.434712 0.26891  0.023529] None
